42402
5092
42710
31286
37459
24913
900
31568
12637
40088
27467
26782
23493
28625
21598
27421
17278
29948
53278
28952
39837
48132
34901
46985
27960
27262
41484
41815
19569
14466
38629
34959
32568
17166
35602
24288
30214
25140
29269
10600
38718
34139
0
34282
43656
49421
43005
41769
26882
44335
35863
41948
18582
15722
40800
44796
43917
36255
44230
21291
12919
48409
7646
24581
40363
41451
53366
50177
12722
46607
18051
8658
42052
9174
20277
24822
42117
45626
39661
13127
35901
39819
40551
28481
38328
29519
11360
11315
21554
42185
19917
5692
12507
13412
49105
19762
33246
16387
40783
5490
38699
29500
13012
56309
21127
40091
29534
